validation/data/processed/chant_sura_2020/terrain_rf16_contact.asc
ncols        94
nrows        154
xllcorner    2793260.428143590223
yllcorner    1180268.476802509977
cellsize     0.050000000000
NODATA_value -32767
[rows 20 to 39 of 154, columns 45 to 89 of 94]
2379.274658203125 2379.241455078125 2379.197021484375 2379.13623046875 2379.095458984375 2379.018798828125 2378.879638671875 2378.796142578125 2378.5947265625 2378.474609375 2378.39794921875 2378.3203125 2378.269287109375 2378.22607421875 2378.170166015625 2377.52978515625 2377.39111328125 2377.253662109375 2377.21630859375 2377.205078125 2377.14599609375 2377.07666015625 2377.003173828125 2376.921142578125 2376.87060546875 2376.845703125 2376.836181640625 2376.81005859375 2376.784423828125 2376.76953125 2376.762451171875 2376.7412109375 2376.733642578125 2376.719970703125 2376.7197265625 2376.7197265625 2376.716796875 2376.705322265625 2376.683837890625 2376.661376953125 2376.6240234375 2376.5908203125 2376.580322265625 2376.56005859375 2376.54296875
2379.20849609375 2379.17724609375 2379.143798828125 2379.093017578125 2379.027099609375 2378.953369140625 2378.83642578125 2378.714599609375 2378.4638671875 2378.388427734375 2378.319091796875 2378.27001953125 2378.236083984375 2378.178466796875 2378.09912109375 2377.456787109375 2377.28564453125 2377.190673828125 2377.173583984375 2377.119873046875 2377.06640625 2377.0009765625 2376.904052734375 2376.859130859375 2376.84326171875 2376.841064453125 2376.823974609375 2376.798828125 2376.7734375 2376.758056640625 2376.73388671875 2376.721923828125 2376.714599609375 2376.704345703125 2376.701904296875 2376.701904296875 2376.696044921875 2376.681884765625 2376.665771484375 2376.620849609375 2376.5908203125 2376.55859375 2376.533203125 2376.5224609375 2376.517333984375
2379.1591796875 2379.12744140625 2379.089599609375 2379.0400390625 2378.96630859375 2378.891845703125 2378.796875 2378.59619140625 2378.372802734375 2378.3056640625 2378.267578125 2378.228271484375 2378.1923828125 2378.140625 2377.9072265625 2377.35009765625 2377.17724609375 2377.10205078125 2377.067626953125 2377.04443359375 2376.998291015625 2376.912841796875 2376.84716796875 2376.837158203125 2376.830322265625 2376.83349609375 2376.810791015625 2376.793212890625 2376.770263671875 2376.7578125 2376.729736328125 2376.721923828125 2376.706787109375 2376.6953125 2376.6806640625 2376.68212890625 2376.679931640625 2376.656494140625 2376.629638671875 2376.58984375 2376.552978515625 2376.516357421875 2376.496337890625 2376.49755859375 2376.490478515625
2379.110595703125 2379.07568359375 2379.0380859375 2378.974609375 2378.90185546875 2378.814697265625 2378.73095703125 2378.413818359375 2378.303955078125 2378.26171875 2378.225341796875 2378.184326171875 2378.146728515625 2378.098876953125 2377.525146484375 2377.209716796875 2377.129638671875 2377.02783203125 2376.99951171875 2376.9560546875 2376.886474609375 2376.8232421875 2376.80615234375 2376.786376953125 2376.798583984375 2376.80419921875 2376.79345703125 2376.777587890625 2376.760986328125 2376.747314453125 2376.733642578125 2376.716552734375 2376.69677734375 2376.683837890625 2376.667724609375 2376.667236328125 2376.66064453125 2376.635986328125 2376.607421875 2376.55859375 2376.522216796875 2376.50048828125 2376.484619140625 2376.473388671875 2376.472412109375
2379.056884765625 2379.025634765625 2378.985595703125 2378.931396484375 2378.860107421875 2378.760986328125 2378.65185546875 2378.314208984375 2378.2578125 2378.216796875 2378.181396484375 2378.148193359375 2378.11767578125 2378.0595703125 2377.45361328125 2377.132568359375 2377.070068359375 2376.970458984375 2376.92529296875 2376.871826171875 2376.814697265625 2376.787109375 2376.765869140625 2376.73876953125 2376.735107421875 2376.753662109375 2376.75830078125 2376.74951171875 2376.7431640625 2376.722412109375 2376.720703125 2376.708251953125 2376.684326171875 2376.66748046875 2376.65478515625 2376.644775390625 2376.63330078125 2376.611572265625 2376.573486328125 2376.53369140625 2376.50927734375 2376.48828125 2376.468017578125 2376.462890625 2376.447021484375
2379.03173828125 2378.994384765625 2378.944091796875 2378.892578125 2378.8232421875 2378.67431640625 2378.440673828125 2378.253173828125 2378.220703125 2378.18115234375 2378.155517578125 2378.12060546875 2378.090087890625 2378.048583984375 2377.406494140625 2377.09716796875 2376.98779296875 2376.88232421875 2376.862548828125 2376.824951171875 2376.784423828125 2376.763671875 2376.72802734375 2376.722412109375 2376.720703125 2376.719482421875 2376.717041015625 2376.718017578125 2376.708740234375 2376.708251953125 2376.705078125 2376.686767578125 2376.667724609375 2376.65478515625 2376.641357421875 2376.62890625 2376.609375 2376.584716796875 2376.548583984375 2376.52294921875 2376.49755859375 2376.471435546875 2376.463623046875 2376.441650390625 2376.422119140625
2378.995361328125 2378.944580078125 2378.894287109375 2378.84130859375 2378.74609375 2378.62109375 2378.357421875 2378.223388671875 2378.177734375 2378.144287109375 2378.11474609375 2378.0927734375 2378.059814453125 2377.643798828125 2377.120361328125 2377.058349609375 2376.86376953125 2376.8505859375 2376.837646484375 2376.804931640625 2376.752197265625 2376.73828125 2376.711181640625 2376.705322265625 2376.697021484375 2376.6875 2376.681396484375 2376.674560546875 2376.67431640625 2376.688720703125 2376.68359375 2376.658203125 2376.642333984375 2376.632080078125 2376.623046875 2376.594970703125 2376.574462890625 2376.5546875 2376.521240234375 2376.49609375 2376.4765625 2376.458740234375 2376.43505859375 2376.405517578125 2376.385986328125
2378.94091796875 2378.8935546875 2378.857666015625 2378.810791015625 2378.68994140625 2378.491455078125 2378.25537109375 2378.185791015625 2378.138916015625 2378.1015625 2378.062255859375 2378.0556640625 2378.02685546875 2377.5830078125 2377.070556640625 2377.026611328125 2376.843017578125 2376.828369140625 2376.807373046875 2376.75830078125 2376.71826171875 2376.696044921875 2376.6806640625 2376.679931640625 2376.680419921875 2376.666259765625 2376.658203125 2376.654052734375 2376.650146484375 2376.648193359375 2376.646728515625 2376.636962890625 2376.617431640625 2376.606201171875 2376.58642578125 2376.557373046875 2376.537109375 2376.507568359375 2376.480224609375 2376.46337890625 2376.4453125 2376.425537109375 2376.391357421875 2376.36181640625 2376.335205078125
2378.8857421875 2378.853759765625 2378.818359375 2378.76318359375 2378.548583984375 2378.292724609375 2378.19775390625 2378.13720703125 2378.09765625 2378.0634765625 2378.026123046875 2378.0126953125 2377.85302734375 2377.229736328125 2377.025390625 2376.94970703125 2376.822509765625 2376.796142578125 2376.765625 2376.708251953125 2376.65673828125 2376.655029296875 2376.655029296875 2376.66015625 2376.659912109375 2376.648193359375 2376.642578125 2376.641357421875 2376.637939453125 2376.636474609375 2376.626953125 2376.609619140625 2376.591796875 2376.577392578125 2376.54248046875 2376.52001953125 2376.49169921875 2376.450927734375 2376.437255859375 2376.41943359375 2376.40185546875 2376.3837890625 2376.352294921875 2376.313720703125 2376.3017578125
2378.831787109375 2378.80908203125 2378.78271484375 2378.69580078125 2378.38623046875 2378.189697265625 2378.134765625 2378.1005859375 2378.04931640625 2378.010498046875 2377.99365234375 2377.970458984375 2377.691650390625 2377.025634765625 2376.9794921875 2376.902099609375 2376.78857421875 2376.759765625 2376.7119140625 2376.65625 2376.625244140625 2376.623779296875 2376.628173828125 2376.633056640625 2376.64013671875 2376.64013671875 2376.63525390625 2376.629150390625 2376.628173828125 2376.627685546875 2376.604736328125 2376.59521484375 2376.580810546875 2376.541015625 2376.513671875 2376.498046875 2376.4443359375 2376.41162109375 2376.40869140625 2376.3916015625 2376.367919921875 2376.33203125 2376.306396484375 2376.29248046875 2376.28466796875
2378.7919921875 2378.75390625 2378.726806640625 2378.540283203125 2378.2490234375 2378.128173828125 2378.10009765625 2378.05517578125 2378.02099609375 2378 2377.97021484375 2377.917236328125 2377.54248046875 2376.9677734375 2376.899169921875 2376.82177734375 2376.760498046875 2376.730224609375 2376.67529296875 2376.624267578125 2376.609619140625 2376.591552734375 2376.59814453125 2376.6181640625 2376.62548828125 2376.615478515625 2376.612060546875 2376.600341796875 2376.595458984375 2376.5947265625 2376.592529296875 2376.581787109375 2376.54931640625 2376.511962890625 2376.475341796875 2376.445556640625 2376.40625 2376.383056640625 2376.378662109375 2376.325439453125 2376.3046875 2376.29833984375 2376.289306640625 2376.268310546875 2376.260009765625
2378.747314453125 2378.695556640625 2378.602294921875 2378.399169921875 2378.144775390625 2378.094970703125 2378.055908203125 2378.015380859375 2377.98583984375 2377.957763671875 2377.918701171875 2377.842529296875 2376.974365234375 2376.921630859375 2376.84619140625 2376.7705078125 2376.731689453125 2376.693603515625 2376.627685546875 2376.5986328125 2376.577392578125 2376.569580078125 2376.570068359375 2376.583740234375 2376.57958984375 2376.578857421875 2376.581298828125 2376.578857421875 2376.579345703125 2376.578857421875 2376.561279296875 2376.538330078125 2376.507568359375 2376.467529296875 2376.43798828125 2376.390380859375 2376.35400390625 2376.31640625 2376.2978515625 2376.2802734375 2376.267578125 2376.260498046875 2376.258056640625 2376.25732421875 2376.255859375
2378.6796875 2378.605712890625 2378.473876953125 2378.2265625 2378.1025390625 2378.061279296875 2378.0185546875 2377.985107421875 2377.94921875 2377.92333984375 2377.885009765625 2377.3349609375 2376.901123046875 2376.8779296875 2376.818115234375 2376.7431640625 2376.720458984375 2376.64306640625 2376.568359375 2376.541015625 2376.523193359375 2376.533203125 2376.53564453125 2376.54833984375 2376.552978515625 2376.55322265625 2376.55419921875 2376.547607421875 2376.552734375 2376.553466796875 2376.524658203125 2376.50048828125 2376.460693359375 2376.41748046875 2376.369384765625 2376.320068359375 2376.30029296875 2376.2734375 2376.252685546875 2376.251708984375 2376.249267578125 2376.249267578125 2376.250732421875 2376.245361328125 2376.243896484375
2378.596923828125 2378.488037109375 2378.28515625 2378.11328125 2378.069091796875 2378.01953125 2377.980712890625 2377.9443359375 2377.9111328125 2377.8857421875 2377.8662109375 2376.87744140625 2376.8603515625 2376.849365234375 2376.79248046875 2376.741455078125 2376.677490234375 2376.582275390625 2376.510009765625 2376.486083984375 2376.484375 2376.488525390625 2376.4892578125 2376.503662109375 2376.51611328125 2376.523681640625 2376.5224609375 2376.51611328125 2376.51416015625 2376.513916015625 2376.497314453125 2376.45361328125 2376.412109375 2376.364013671875 2376.312255859375 2376.279052734375 2376.260009765625 2376.236572265625 2376.227294921875 2376.228759765625 2376.234130859375 2376.240234375 2376.242919921875 2376.24072265625 2376.242431640625
2378.510009765625 2378.2958984375 2378.20654296875 2378.063232421875 2378.0107421875 2377.9794921875 2377.953857421875 2377.917236328125 2377.888671875 2377.862060546875 2377.073974609375 2376.843505859375 2376.8349609375 2376.797607421875 2376.752197265625 2376.729736328125 2376.637451171875 2376.49853515625 2376.470458984375 2376.446044921875 2376.439697265625 2376.470703125 2376.4736328125 2376.474609375 2376.47705078125 2376.47705078125 2376.47998046875 2376.4912109375 2376.487548828125 2376.453369140625 2376.425537109375 2376.397216796875 2376.355712890625 2376.31103515625 2376.27490234375 2376.25146484375 2376.212890625 2376.2041015625 2376.21240234375 2376.215087890625 2376.226318359375 2376.231689453125 2376.23974609375 2376.240478515625 2376.243408203125
2378.38671875 2378.2275390625 2378.072021484375 2378.00830078125 2377.97705078125 2377.952392578125 2377.92431640625 2377.884033203125 2377.849609375 2377.784912109375 2377.023193359375 2376.80078125 2376.75830078125 2376.745361328125 2376.720458984375 2376.654052734375 2376.489990234375 2376.43359375 2376.421875 2376.41455078125 2376.403564453125 2376.41796875 2376.4423828125 2376.452880859375 2376.45263671875 2376.452392578125 2376.446044921875 2376.43115234375 2376.423828125 2376.407470703125 2376.373291015625 2376.337158203125 2376.300048828125 2376.25732421875 2376.208740234375 2376.197021484375 2376.17919921875 2376.1796875 2376.18310546875 2376.2099609375 2376.218505859375 2376.2265625 2376.235595703125 2376.236572265625 2376.238037109375
2378.26123046875 2378.10400390625 2378.006591796875 2377.964599609375 2377.94189453125 2377.91455078125 2377.88720703125 2377.8583984375 2377.8115234375 2377.70703125 2376.9580078125 2376.72998046875 2376.687744140625 2376.682861328125 2376.630859375 2376.52587890625 2376.4228515625 2376.409423828125 2376.38671875 2376.376220703125 2376.375 2376.391357421875 2376.408935546875 2376.425537109375 2376.42041015625 2376.422119140625 2376.415771484375 2376.402587890625 2376.367919921875 2376.341796875 2376.306640625 2376.280029296875 2376.2392578125 2376.19580078125 2376.165283203125 2376.150146484375 2376.1455078125 2376.153076171875 2376.177490234375 2376.186279296875 2376.201904296875 2376.214111328125 2376.22021484375 2376.22119140625 2376.22509765625
2378.1337890625 2378.03076171875 2377.970703125 2377.9365234375 2377.91455078125 2377.8828125 2377.873291015625 2377.81005859375 2377.7587890625 2377.3134765625 2376.761962890625 2376.650146484375 2376.615234375 2376.5908203125 2376.5009765625 2376.419677734375 2376.385498046875 2376.369384765625 2376.3505859375 2376.338623046875 2376.336669921875 2376.343505859375 2376.355712890625 2376.3837890625 2376.39501953125 2376.396240234375 2376.375244140625 2376.34814453125 2376.30615234375 2376.290283203125 2376.26171875 2376.224365234375 2376.194091796875 2376.15234375 2376.1298828125 2376.120849609375 2376.11181640625 2376.111328125 2376.1455078125 2376.157958984375 2376.1826171875 2376.19482421875 2376.206298828125 2376.207275390625 2376.208984375
2378.05810546875 2377.979736328125 2377.93603515625 2377.89453125 2377.880859375 2377.852783203125 2377.8271484375 2377.7744140625 2377.4189453125 2376.725830078125 2376.6376953125 2376.583740234375 2376.5439453125 2376.482421875 2376.418212890625 2376.369384765625 2376.351318359375 2376.334716796875 2376.315185546875 2376.295166015625 2376.291259765625 2376.31005859375 2376.318115234375 2376.32177734375 2376.33984375 2376.3203125 2376.2900390625 2376.26318359375 2376.23876953125 2376.216064453125 2376.19775390625 2376.1591796875 2376.12890625 2376.109130859375 2376.10400390625 2376.0859375 2376.084228515625 2376.09033203125 2376.09619140625 2376.12109375 2376.144775390625 2376.157958984375 2376.1806640625 2376.183837890625 2376.1875
2377.981689453125 2377.935791015625 2377.88134765625 2377.874755859375 2377.849609375 2377.8212890625 2377.796142578125 2377.729736328125 2377.31787109375 2376.626708984375 2376.585205078125 2376.5419921875 2376.466552734375 2376.390625 2376.34765625 2376.3154296875 2376.3017578125 2376.282470703125 2376.25634765625 2376.2431640625 2376.241455078125 2376.261474609375 2376.271484375 2376.280517578125 2376.2763671875 2376.260498046875 2376.21826171875 2376.1865234375 2376.17578125 2376.1435546875 2376.13916015625 2376.11328125 2376.087158203125 2376.069580078125 2376.047119140625 2376.034912109375 2376.03515625 2376.06103515625 2376.07958984375 2376.093994140625 2376.116943359375 2376.135498046875 2376.146728515625 2376.15576171875 2376.156005859375
