validation/data/processed/chant_sura_2020/terrain_rf16_contact.asc
ncols        94
nrows        154
xllcorner    2793260.428143590223
yllcorner    1180268.476802509977
cellsize     0.050000000000
NODATA_value -32767
[rows 100 to 119 of 154, columns 45 to 89 of 94]
2373.9501953125 2373.940185546875 2373.9375 2373.92724609375 2373.928466796875 2373.9296875 2373.9287109375 2373.93408203125 2373.935546875 2373.939453125 2373.940673828125 2373.939453125 2373.940673828125 2373.94970703125 2373.958984375 2373.96044921875 2373.96044921875 2373.969970703125 2373.9833984375 2374.002685546875 2374.029296875 2374.0751953125 2374.122802734375 2374.160400390625 2374.200439453125 2374.22705078125 2374.2529296875 2374.267333984375 2374.26953125 2374.268798828125 2374.259033203125 2374.244140625 2374.21630859375 2374.18701171875 2374.165283203125 2374.149169921875 2374.13623046875 2374.118408203125 2374.109375 2374.098876953125 2374.0986328125 2374.084716796875 2374.077392578125 2374.068603515625 2374.057861328125
2373.928466796875 2373.926513671875 2373.925048828125 2373.923095703125 2373.922607421875 2373.921630859375 2373.921142578125 2373.922119140625 2373.921875 2373.92138671875 2373.921142578125 2373.927978515625 2373.919921875 2373.920654296875 2373.921630859375 2373.921142578125 2373.930419921875 2373.94140625 2373.9541015625 2373.980712890625 2373.9990234375 2374.042724609375 2374.093994140625 2374.13330078125 2374.16845703125 2374.202880859375 2374.231201171875 2374.249267578125 2374.25732421875 2374.24755859375 2374.23681640625 2374.22607421875 2374.19921875 2374.166259765625 2374.14990234375 2374.133544921875 2374.114990234375 2374.10009765625 2374.071044921875 2374.060302734375 2374.06005859375 2374.043701171875 2374.029052734375 2374.0244140625 2374.001220703125
2373.9189453125 2373.9140625 2373.9140625 2373.91259765625 2373.91162109375 2373.9052734375 2373.90869140625 2373.908447265625 2373.90478515625 2373.897705078125 2373.904052734375 2373.90625 2373.894287109375 2373.886962890625 2373.885986328125 2373.89404296875 2373.90625 2373.91650390625 2373.9228515625 2373.94482421875 2373.9716796875 2373.9990234375 2374.050048828125 2374.090087890625 2374.136962890625 2374.159423828125 2374.1982421875 2374.216064453125 2374.230712890625 2374.233154296875 2374.2275390625 2374.203125 2374.18505859375 2374.161865234375 2374.13720703125 2374.120849609375 2374.094482421875 2374.068359375 2374.042724609375 2374.0283203125 2374.0068359375 2373.989501953125 2373.9873046875 2373.963623046875 2373.942138671875
2373.908447265625 2373.905029296875 2373.91064453125 2373.90380859375 2373.90283203125 2373.902099609375 2373.8896484375 2373.887451171875 2373.88671875 2373.882080078125 2373.876220703125 2373.881103515625 2373.881103515625 2373.878662109375 2373.8720703125 2373.875732421875 2373.885009765625 2373.885009765625 2373.894287109375 2373.908935546875 2373.935302734375 2373.96728515625 2374.010009765625 2374.05810546875 2374.08642578125 2374.127685546875 2374.172119140625 2374.19482421875 2374.198974609375 2374.207763671875 2374.204833984375 2374.1875 2374.173828125 2374.147216796875 2374.12744140625 2374.104248046875 2374.07421875 2374.041748046875 2374.011474609375 2373.985595703125 2373.973876953125 2373.951904296875 2373.932373046875 2373.90478515625 2373.890625
2373.903076171875 2373.904296875 2373.904296875 2373.903564453125 2373.90283203125 2373.898193359375 2373.882568359375 2373.879638671875 2373.87451171875 2373.8701171875 2373.85986328125 2373.85693359375 2373.850830078125 2373.847900390625 2373.844970703125 2373.83984375 2373.847900390625 2373.8515625 2373.864013671875 2373.883544921875 2373.908447265625 2373.94091796875 2373.97265625 2374.008056640625 2374.0546875 2374.08349609375 2374.130859375 2374.162353515625 2374.1728515625 2374.17822265625 2374.17919921875 2374.162109375 2374.14990234375 2374.1318359375 2374.110595703125 2374.08251953125 2374.05615234375 2374.0185546875 2373.98828125 2373.955322265625 2373.938720703125 2373.9033203125 2373.884033203125 2373.86474609375 2373.843017578125
2373.89697265625 2373.90283203125 2373.904052734375 2373.903564453125 2373.8994140625 2373.8876953125 2373.881103515625 2373.87109375 2373.859375 2373.851806640625 2373.842041015625 2373.83251953125 2373.829345703125 2373.8251953125 2373.81982421875 2373.817138671875 2373.827392578125 2373.8349609375 2373.848388671875 2373.869384765625 2373.887939453125 2373.906494140625 2373.939697265625 2373.96337890625 2374.002197265625 2374.051513671875 2374.0869140625 2374.11865234375 2374.1376953125 2374.15576171875 2374.15478515625 2374.144775390625 2374.1318359375 2374.108642578125 2374.0888671875 2374.065185546875 2374.0302734375 2373.9892578125 2373.935546875 2373.9140625 2373.883056640625 2373.84765625 2373.836181640625 2373.82568359375 2373.80712890625
2373.89501953125 2373.8955078125 2373.903564453125 2373.89404296875 2373.888427734375 2373.88232421875 2373.863525390625 2373.858642578125 2373.84619140625 2373.83935546875 2373.829833984375 2373.8173828125 2373.813720703125 2373.80126953125 2373.79541015625 2373.794189453125 2373.794189453125 2373.804443359375 2373.82861328125 2373.841552734375 2373.863525390625 2373.88525390625 2373.906982421875 2373.943115234375 2373.97119140625 2374.009033203125 2374.054443359375 2374.09130859375 2374.1123046875 2374.123046875 2374.122802734375 2374.117919921875 2374.097900390625 2374.08984375 2374.075439453125 2374.033935546875 2373.9951171875 2373.937255859375 2373.90380859375 2373.87744140625 2373.8466796875 2373.82275390625 2373.800537109375 2373.79541015625 2373.7763671875
2373.8857421875 2373.891357421875 2373.89208984375 2373.888916015625 2373.8798828125 2373.865234375 2373.849365234375 2373.83984375 2373.8310546875 2373.81640625 2373.807373046875 2373.797119140625 2373.79541015625 2373.790283203125 2373.783203125 2373.780517578125 2373.780029296875 2373.78271484375 2373.797607421875 2373.825927734375 2373.85009765625 2373.86328125 2373.884033203125 2373.9091796875 2373.947021484375 2373.974609375 2374.0244140625 2374.05517578125 2374.077880859375 2374.096923828125 2374.10400390625 2374.095458984375 2374.0791015625 2374.071533203125 2374.041259765625 2374.007080078125 2373.95068359375 2373.9072265625 2373.87353515625 2373.83203125 2373.801513671875 2373.77685546875 2373.755126953125 2373.74755859375 2373.72412109375
2373.8837890625 2373.88525390625 2373.88427734375 2373.876708984375 2373.863525390625 2373.8505859375 2373.841064453125 2373.83447265625 2373.820068359375 2373.802978515625 2373.79736328125 2373.7919921875 2373.78369140625 2373.766357421875 2373.760009765625 2373.759765625 2373.759765625 2373.76953125 2373.777587890625 2373.803955078125 2373.83349609375 2373.83837890625 2373.860595703125 2373.88818359375 2373.926025390625 2373.952392578125 2373.994384765625 2374.02783203125 2374.0517578125 2374.0595703125 2374.0673828125 2374.064453125 2374.05224609375 2374.03173828125 2374.011474609375 2373.97412109375 2373.920166015625 2373.884033203125 2373.832763671875 2373.80078125 2373.77197265625 2373.746337890625 2373.7255859375 2373.710693359375 2373.685791015625
2373.87744140625 2373.87841796875 2373.870849609375 2373.859619140625 2373.851318359375 2373.84228515625 2373.834228515625 2373.822021484375 2373.80810546875 2373.79833984375 2373.792236328125 2373.779541015625 2373.76220703125 2373.7568359375 2373.750244140625 2373.74169921875 2373.740234375 2373.748291015625 2373.763427734375 2373.7822265625 2373.80224609375 2373.813232421875 2373.836181640625 2373.859130859375 2373.895263671875 2373.922119140625 2373.975830078125 2374.009033203125 2374.02880859375 2374.034912109375 2374.041748046875 2374.039306640625 2374.0185546875 2374 2373.97998046875 2373.938720703125 2373.891845703125 2373.84423828125 2373.794921875 2373.765380859375 2373.73828125 2373.713134765625 2373.7001953125 2373.687255859375 2373.664306640625
2373.8671875 2373.865966796875 2373.85498046875 2373.850830078125 2373.83935546875 2373.82763671875 2373.814453125 2373.81005859375 2373.800048828125 2373.793212890625 2373.77392578125 2373.767333984375 2373.753662109375 2373.74267578125 2373.729736328125 2373.716796875 2373.7158203125 2373.719970703125 2373.7373046875 2373.767333984375 2373.774658203125 2373.78857421875 2373.812744140625 2373.836181640625 2373.870361328125 2373.89794921875 2373.94580078125 2373.976806640625 2374.0078125 2374.013427734375 2374.009033203125 2373.9951171875 2373.985595703125 2373.964111328125 2373.93798828125 2373.8955078125 2373.8505859375 2373.796875 2373.74560546875 2373.726806640625 2373.69384765625 2373.674560546875 2373.661865234375 2373.657470703125 2373.6455078125
2373.860107421875 2373.856201171875 2373.843994140625 2373.83984375 2373.8271484375 2373.814697265625 2373.809326171875 2373.79833984375 2373.78857421875 2373.775390625 2373.759521484375 2373.75439453125 2373.73828125 2373.71923828125 2373.712890625 2373.70361328125 2373.70068359375 2373.7041015625 2373.7216796875 2373.738525390625 2373.7509765625 2373.779052734375 2373.788818359375 2373.812255859375 2373.837158203125 2373.85693359375 2373.914306640625 2373.928466796875 2373.943603515625 2373.958984375 2373.968017578125 2373.963134765625 2373.955078125 2373.93505859375 2373.89501953125 2373.84423828125 2373.799560546875 2373.747802734375 2373.7265625 2373.690673828125 2373.670166015625 2373.649658203125 2373.642822265625 2373.640380859375 2373.6259765625
2373.84619140625 2373.842529296875 2373.833984375 2373.824951171875 2373.815673828125 2373.809326171875 2373.79833984375 2373.78955078125 2373.77880859375 2373.7607421875 2373.75244140625 2373.730224609375 2373.71142578125 2373.708251953125 2373.7021484375 2373.6904296875 2373.68798828125 2373.688720703125 2373.707275390625 2373.72216796875 2373.73828125 2373.759765625 2373.772216796875 2373.791015625 2373.818603515625 2373.842529296875 2373.871826171875 2373.898681640625 2373.911865234375 2373.930419921875 2373.93994140625 2373.931884765625 2373.907470703125 2373.883056640625 2373.842529296875 2373.805908203125 2373.754638671875 2373.724853515625 2373.692138671875 2373.662353515625 2373.643310546875 2373.61767578125 2373.61181640625 2373.611328125 2373.60986328125
2373.82177734375 2373.823486328125 2373.81298828125 2373.807861328125 2373.806396484375 2373.799072265625 2373.785888671875 2373.782470703125 2373.76513671875 2373.7548828125 2373.7314453125 2373.710693359375 2373.697509765625 2373.686767578125 2373.6826171875 2373.677490234375 2373.67626953125 2373.676025390625 2373.68994140625 2373.708740234375 2373.725830078125 2373.748779296875 2373.764892578125 2373.78369140625 2373.799072265625 2373.830322265625 2373.8447265625 2373.865478515625 2373.88134765625 2373.898193359375 2373.902587890625 2373.890625 2373.868408203125 2373.837646484375 2373.8056640625 2373.77294921875 2373.72802734375 2373.694580078125 2373.66796875 2373.63671875 2373.614013671875 2373.59765625 2373.593505859375 2373.58740234375 2373.5869140625
2373.798583984375 2373.804443359375 2373.798583984375 2373.80078125 2373.794189453125 2373.781982421875 2373.7666015625 2373.764404296875 2373.759033203125 2373.7392578125 2373.7119140625 2373.697509765625 2373.6845703125 2373.671875 2373.660400390625 2373.657470703125 2373.656494140625 2373.658935546875 2373.670654296875 2373.697509765625 2373.71337890625 2373.745361328125 2373.761474609375 2373.781494140625 2373.79248046875 2373.80810546875 2373.83447265625 2373.84228515625 2373.857421875 2373.86572265625 2373.864013671875 2373.84814453125 2373.832763671875 2373.8046875 2373.768310546875 2373.7373046875 2373.698486328125 2373.66845703125 2373.65087890625 2373.614990234375 2373.592041015625 2373.572998046875 2373.56884765625 2373.56591796875 2373.5654296875
2373.7841796875 2373.784423828125 2373.77392578125 2373.780517578125 2373.76806640625 2373.761474609375 2373.76025390625 2373.756591796875 2373.732421875 2373.7119140625 2373.691162109375 2373.676513671875 2373.671875 2373.658935546875 2373.646240234375 2373.63427734375 2373.631591796875 2373.638427734375 2373.661865234375 2373.671142578125 2373.7109375 2373.745361328125 2373.760498046875 2373.774169921875 2373.7890625 2373.80224609375 2373.822998046875 2373.829345703125 2373.837158203125 2373.839111328125 2373.828369140625 2373.81787109375 2373.79248046875 2373.766357421875 2373.731689453125 2373.705810546875 2373.673583984375 2373.651611328125 2373.618408203125 2373.592041015625 2373.57177734375 2373.55810546875 2373.545654296875 2373.5439453125 2373.54296875
2373.759033203125 2373.759521484375 2373.759521484375 2373.759765625 2373.757568359375 2373.753173828125 2373.73046875 2373.724853515625 2373.7119140625 2373.696044921875 2373.676025390625 2373.660400390625 2373.654052734375 2373.64013671875 2373.632080078125 2373.629150390625 2373.622314453125 2373.628662109375 2373.64013671875 2373.66259765625 2373.67919921875 2373.729736328125 2373.751220703125 2373.764404296875 2373.7841796875 2373.791259765625 2373.803955078125 2373.822021484375 2373.82470703125 2373.82177734375 2373.8037109375 2373.790771484375 2373.7724609375 2373.740966796875 2373.707275390625 2373.687744140625 2373.654296875 2373.6240234375 2373.60986328125 2373.580078125 2373.55517578125 2373.54296875 2373.541259765625 2373.531494140625 2373.529541015625
2373.732421875 2373.734619140625 2373.73486328125 2373.742431640625 2373.733154296875 2373.72216796875 2373.7197265625 2373.703369140625 2373.683349609375 2373.67431640625 2373.65625 2373.6396484375 2373.628662109375 2373.6220703125 2373.614013671875 2373.61279296875 2373.612548828125 2373.615234375 2373.62939453125 2373.64404296875 2373.67041015625 2373.698974609375 2373.728271484375 2373.74951171875 2373.7607421875 2373.7822265625 2373.79150390625 2373.8037109375 2373.80517578125 2373.793212890625 2373.78369140625 2373.76025390625 2373.738037109375 2373.70751953125 2373.682861328125 2373.665771484375 2373.633544921875 2373.60546875 2373.577392578125 2373.563720703125 2373.54248046875 2373.531982421875 2373.525390625 2373.517333984375 2373.507080078125
2373.70361328125 2373.6982421875 2373.70263671875 2373.706298828125 2373.707763671875 2373.698486328125 2373.69384765625 2373.6748046875 2373.666259765625 2373.649169921875 2373.631591796875 2373.627197265625 2373.60400390625 2373.600341796875 2373.599365234375 2373.595458984375 2373.595703125 2373.60302734375 2373.61328125 2373.63037109375 2373.6572265625 2373.6806640625 2373.712646484375 2373.728271484375 2373.741943359375 2373.75927734375 2373.778564453125 2373.7841796875 2373.784912109375 2373.7802734375 2373.759765625 2373.73779296875 2373.7080078125 2373.681640625 2373.658935546875 2373.645263671875 2373.623046875 2373.58642578125 2373.5703125 2373.540283203125 2373.5244140625 2373.517578125 2373.50830078125 2373.497314453125 2373.48486328125
2373.65771484375 2373.656494140625 2373.665283203125 2373.675537109375 2373.6826171875 2373.68017578125 2373.6630859375 2373.6494140625 2373.636962890625 2373.623046875 2373.603271484375 2373.597900390625 2373.576416015625 2373.575927734375 2373.57470703125 2373.573486328125 2373.5751953125 2373.586181640625 2373.597412109375 2373.623779296875 2373.632568359375 2373.651123046875 2373.68701171875 2373.7080078125 2373.720703125 2373.741943359375 2373.751708984375 2373.75244140625 2373.752197265625 2373.75 2373.724853515625 2373.70751953125 2373.685302734375 2373.6572265625 2373.642333984375 2373.62841796875 2373.6044921875 2373.574462890625 2373.54052734375 2373.531005859375 2373.50732421875 2373.49658203125 2373.486572265625 2373.4658203125 2373.4580078125
