validation/data/processed/chant_sura_2020/terrain_rf16_contact.asc
ncols        94
nrows        154
xllcorner    2793260.428143590223
yllcorner    1180268.476802509977
cellsize     0.050000000000
NODATA_value -32767
[rows 40 to 59 of 154, columns 0 to 44 of 94]
2379.173828125 2379.151611328125 2379.128662109375 2379.11767578125 2379.09619140625 2379.087890625 2379.085205078125 2379.083984375 2379.083984375 2379.075439453125 2379.069580078125 2379.054931640625 2379.044677734375 2379.033203125 2379.02392578125 2379.003173828125 2378.98828125 2378.9736328125 2378.968505859375 2378.970947265625 2378.964111328125 2378.9345703125 2378.8916015625 2378.86474609375 2378.819091796875 2378.7822265625 2378.753662109375 2378.691162109375 2378.64990234375 2378.5966796875 2378.5556640625 2378.540283203125 2378.50341796875 2378.479736328125 2378.41845703125 2378.397705078125 2378.3798828125 2378.361083984375 2378.32470703125 2378.2705078125 2378.23388671875 2378.170166015625 2378.117919921875 2378.051025390625 2377.96875
2379.1279296875 2379.114501953125 2379.09619140625 2379.077392578125 2379.069091796875 2379.054443359375 2379.04736328125 2379.04638671875 2379.04638671875 2379.037109375 2379.0302734375 2379.020263671875 2379.009033203125 2378.992431640625 2378.98388671875 2378.971435546875 2378.951904296875 2378.935302734375 2378.919189453125 2378.910400390625 2378.904296875 2378.8818359375 2378.85400390625 2378.8193359375 2378.76904296875 2378.724853515625 2378.685546875 2378.628662109375 2378.576171875 2378.521240234375 2378.496826171875 2378.46923828125 2378.43115234375 2378.398193359375 2378.3603515625 2378.318115234375 2378.282470703125 2378.270751953125 2378.228759765625 2378.197021484375 2378.1201171875 2378.082275390625 2378.01513671875 2377.95458984375 2377.89697265625
2379.10009765625 2379.086181640625 2379.05615234375 2379.046142578125 2379.028564453125 2379.02001953125 2379.017333984375 2379.014892578125 2379.001220703125 2378.998779296875 2378.997802734375 2378.98828125 2378.96875 2378.951904296875 2378.935546875 2378.926025390625 2378.91064453125 2378.9013671875 2378.887451171875 2378.875 2378.848876953125 2378.8427734375 2378.81298828125 2378.76904296875 2378.71875 2378.676513671875 2378.62841796875 2378.568603515625 2378.51123046875 2378.473388671875 2378.422607421875 2378.37890625 2378.340576171875 2378.319091796875 2378.276611328125 2378.252685546875 2378.220703125 2378.181640625 2378.157470703125 2378.07958984375 2378.03515625 2377.99169921875 2377.932861328125 2377.89306640625 2377.836181640625
2379.05859375 2379.03369140625 2379.02685546875 2379.01611328125 2379.000732421875 2378.977294921875 2378.97314453125 2378.97119140625 2378.961669921875 2378.961181640625 2378.952392578125 2378.948974609375 2378.92822265625 2378.922607421875 2378.89599609375 2378.877197265625 2378.87451171875 2378.873779296875 2378.86669921875 2378.84619140625 2378.839599609375 2378.7958984375 2378.764892578125 2378.726318359375 2378.68896484375 2378.630615234375 2378.576904296875 2378.512451171875 2378.4736328125 2378.396240234375 2378.34521484375 2378.32470703125 2378.274169921875 2378.223388671875 2378.204345703125 2378.16455078125 2378.156494140625 2378.131591796875 2378.052490234375 2378.00732421875 2377.97216796875 2377.92138671875 2377.888427734375 2377.83056640625 2377.7998046875
2379.02734375 2379.01611328125 2379.01171875 2379.000732421875 2378.97314453125 2378.9599609375 2378.94873046875 2378.943603515625 2378.934814453125 2378.92919921875 2378.92529296875 2378.9140625 2378.89501953125 2378.880126953125 2378.871337890625 2378.859130859375 2378.849365234375 2378.8466796875 2378.8388671875 2378.826904296875 2378.791015625 2378.74951171875 2378.71875 2378.6826171875 2378.623779296875 2378.57470703125 2378.511474609375 2378.45556640625 2378.389892578125 2378.3330078125 2378.29541015625 2378.244873046875 2378.208251953125 2378.158935546875 2378.152587890625 2378.12744140625 2378.083984375 2378.03662109375 2377.988037109375 2377.938232421875 2377.904296875 2377.8447265625 2377.79150390625 2377.741943359375 2377.722900390625
2379.0009765625 2378.99462890625 2378.986572265625 2378.966064453125 2378.944580078125 2378.931640625 2378.923583984375 2378.9150390625 2378.906005859375 2378.900146484375 2378.892333984375 2378.88427734375 2378.858154296875 2378.847900390625 2378.83056640625 2378.8173828125 2378.810546875 2378.803466796875 2378.79345703125 2378.77392578125 2378.7412109375 2378.700439453125 2378.660400390625 2378.61181640625 2378.557861328125 2378.509033203125 2378.450927734375 2378.389404296875 2378.331298828125 2378.27099609375 2378.224609375 2378.1689453125 2378.123779296875 2378.083984375 2378.0791015625 2378.059814453125 2378.005615234375 2377.952880859375 2377.8955078125 2377.866455078125 2377.827880859375 2377.575927734375 2377.41845703125 2377.576416015625 2377.610107421875
2378.9765625 2378.9599609375 2378.955322265625 2378.94482421875 2378.931396484375 2378.90966796875 2378.898193359375 2378.89599609375 2378.882080078125 2378.864990234375 2378.8505859375 2378.833984375 2378.820068359375 2378.815673828125 2378.79296875 2378.780517578125 2378.775146484375 2378.76025390625 2378.74072265625 2378.7099609375 2378.683837890625 2378.635009765625 2378.5986328125 2378.545166015625 2378.49267578125 2378.4482421875 2378.39599609375 2378.3203125 2378.24560546875 2378.20849609375 2378.153564453125 2378.097412109375 2378.0615234375 2378.041015625 2378.01904296875 2377.968994140625 2377.93359375 2377.86962890625 2377.817138671875 2377.7822265625 2377.44873046875 2376.871826171875 2376.758056640625 2376.82421875 2376.82763671875
2378.953369140625 2378.94580078125 2378.93505859375 2378.921875 2378.902099609375 2378.887451171875 2378.874267578125 2378.862548828125 2378.845703125 2378.82666015625 2378.81982421875 2378.8076171875 2378.80322265625 2378.78759765625 2378.762939453125 2378.755126953125 2378.719482421875 2378.7060546875 2378.68505859375 2378.65234375 2378.630859375 2378.580810546875 2378.532470703125 2378.480712890625 2378.4375 2378.387939453125 2378.316650390625 2378.214111328125 2378.161376953125 2378.127685546875 2378.070068359375 2378.00341796875 2377.97900390625 2377.948974609375 2377.938232421875 2377.898193359375 2377.855224609375 2377.8095703125 2377.7783203125 2377.434326171875 2376.647705078125 2376.530029296875 2376.483642578125 2376.421142578125 2376.345703125
2378.9404296875 2378.933837890625 2378.921875 2378.900146484375 2378.8857421875 2378.866943359375 2378.85009765625 2378.827392578125 2378.822509765625 2378.809814453125 2378.802978515625 2378.78466796875 2378.778564453125 2378.753662109375 2378.728759765625 2378.7099609375 2378.68603515625 2378.66015625 2378.6337890625 2378.621826171875 2378.57373046875 2378.53076171875 2378.478515625 2378.42822265625 2378.377197265625 2378.271484375 2378.19482421875 2378.073974609375 2378.01416015625 2377.972412109375 2377.96923828125 2377.944091796875 2377.91357421875 2377.89599609375 2377.866455078125 2377.84814453125 2377.799072265625 2377.74951171875 2377.50927734375 2376.4541015625 2376.448486328125 2376.402099609375 2376.34814453125 2376.263916015625 2376.267578125
2378.9296875 2378.9130859375 2378.8974609375 2378.88427734375 2378.867919921875 2378.844482421875 2378.824462890625 2378.80419921875 2378.790771484375 2378.78173828125 2378.76611328125 2378.756103515625 2378.7509765625 2378.73095703125 2378.708740234375 2378.672119140625 2378.656494140625 2378.625732421875 2378.60009765625 2378.566162109375 2378.5380859375 2378.47802734375 2378.401611328125 2378.2939453125 2378.163818359375 2377.99853515625 2377.98974609375 2377.959228515625 2377.93505859375 2377.9130859375 2377.9111328125 2377.90185546875 2377.864990234375 2377.821533203125 2377.814697265625 2377.7861328125 2377.74853515625 2377.355712890625 2376.373291015625 2376.32763671875 2376.316162109375 2376.299072265625 2376.2431640625 2376.188720703125 2376.1982421875
2378.90185546875 2378.891357421875 2378.87841796875 2378.858642578125 2378.8408203125 2378.818115234375 2378.804931640625 2378.78564453125 2378.766845703125 2378.747314453125 2378.739990234375 2378.729248046875 2378.712890625 2378.683837890625 2378.662841796875 2378.627685546875 2378.6162109375 2378.59423828125 2378.5615234375 2378.5302734375 2378.459716796875 2378.403564453125 2378.2490234375 2378.09423828125 2377.97265625 2377.949951171875 2377.94775390625 2377.915283203125 2377.883544921875 2377.857421875 2377.849609375 2377.838623046875 2377.822265625 2377.806884765625 2377.779052734375 2377.73779296875 2377.280029296875 2376.44189453125 2376.2509765625 2376.2265625 2376.172607421875 2376.158935546875 2376.14794921875 2376.15234375 2376.156494140625
2378.870849609375 2378.86328125 2378.85791015625 2378.840087890625 2378.8193359375 2378.80615234375 2378.793701171875 2378.768310546875 2378.744873046875 2378.72412109375 2378.705322265625 2378.69384765625 2378.667724609375 2378.64599609375 2378.61962890625 2378.574951171875 2378.558837890625 2378.5341796875 2378.50537109375 2378.453369140625 2378.38818359375 2378.18994140625 2377.986083984375 2377.9013671875 2377.90966796875 2377.917236328125 2377.896728515625 2377.864990234375 2377.82666015625 2377.810791015625 2377.798583984375 2377.79052734375 2377.783203125 2377.756591796875 2377.732666015625 2377.689453125 2376.872314453125 2376.21728515625 2376.18310546875 2376.146728515625 2376.1123046875 2376.110595703125 2376.112060546875 2376.13037109375 2376.131591796875
2378.844970703125 2378.843994140625 2378.842529296875 2378.8203125 2378.806396484375 2378.793701171875 2378.771484375 2378.736572265625 2378.7236328125 2378.69873046875 2378.685302734375 2378.6630859375 2378.6416015625 2378.622802734375 2378.575439453125 2378.549560546875 2378.5048828125 2378.4736328125 2378.44189453125 2378.391357421875 2378.0283203125 2377.951904296875 2377.875732421875 2377.86279296875 2377.850341796875 2377.856201171875 2377.846923828125 2377.817138671875 2377.794677734375 2377.79248046875 2377.7626953125 2377.75732421875 2377.7373046875 2377.711669921875 2377.6748046875 2377.2587890625 2376.31884765625 2376.134765625 2376.111083984375 2376.090576171875 2376.084716796875 2376.0712890625 2376.0859375 2376.08935546875 2376.090087890625
2378.823486328125 2378.82568359375 2378.816162109375 2378.79345703125 2378.775634765625 2378.76611328125 2378.746337890625 2378.72607421875 2378.703857421875 2378.677978515625 2378.66064453125 2378.626708984375 2378.6103515625 2378.55908203125 2378.514892578125 2378.447998046875 2378.383544921875 2378.266845703125 2378.203125 2378.037109375 2377.95654296875 2377.88720703125 2377.853759765625 2377.82373046875 2377.7939453125 2377.7744140625 2377.750244140625 2377.712158203125 2377.702880859375 2377.68505859375 2377.6845703125 2377.683837890625 2377.676025390625 2377.60546875 2377.240234375 2376.341796875 2376.11865234375 2376.09765625 2376.082763671875 2376.056884765625 2376.0400390625 2376.0322265625 2376.058349609375 2376.072021484375 2376.067626953125
2378.785888671875 2378.78125 2378.779541015625 2378.76904296875 2378.755615234375 2378.74072265625 2378.725341796875 2378.711181640625 2378.6826171875 2378.65478515625 2378.62548828125 2378.59326171875 2378.550537109375 2378.49609375 2378.392822265625 2378.2333984375 2378.15966796875 2378.056640625 2377.998291015625 2377.9306640625 2377.8876953125 2377.844482421875 2377.807861328125 2377.76123046875 2377.720458984375 2377.700439453125 2377.651611328125 2377.607666015625 2377.59619140625 2377.598388671875 2377.608154296875 2377.62109375 2377.26123046875 2377.05126953125 2376.309326171875 2376.1044921875 2376.075927734375 2376.052490234375 2376.041748046875 2376.02294921875 2376.0166015625 2376.006103515625 2376.021728515625 2376.03369140625 2376.022216796875
2378.745849609375 2378.743896484375 2378.741943359375 2378.731689453125 2378.7158203125 2378.709716796875 2378.70556640625 2378.6865234375 2378.646484375 2378.619140625 2378.594482421875 2378.547607421875 2378.475341796875 2378.371826171875 2378.19287109375 2378.06005859375 2378.025390625 2377.967529296875 2377.916015625 2377.857421875 2377.8369140625 2377.784423828125 2377.736083984375 2377.67578125 2377.642822265625 2377.62255859375 2377.551025390625 2377.509033203125 2377.51171875 2377.502685546875 2377.477783203125 2377.11083984375 2376.478515625 2376.221923828125 2376.079345703125 2376.048828125 2376.02587890625 2376.001708984375 2375.998779296875 2376.00244140625 2375.991943359375 2375.989990234375 2375.980712890625 2375.97900390625 2375.97119140625
2378.70654296875 2378.70556640625 2378.6953125 2378.69384765625 2378.68359375 2378.66064453125 2378.6708984375 2378.646484375 2378.608642578125 2378.56884765625 2378.532470703125 2378.4580078125 2378.367431640625 2378.192138671875 2378.03125 2377.9609375 2377.912841796875 2377.87548828125 2377.834716796875 2377.81591796875 2377.74853515625 2377.71875 2377.654541015625 2377.595947265625 2377.544921875 2377.476806640625 2377.45751953125 2377.427001953125 2377.40771484375 2377.36669921875 2377.061767578125 2376.31787109375 2376.136962890625 2376.037353515625 2376.011474609375 2375.96923828125 2375.96044921875 2375.953369140625 2375.961669921875 2375.96826171875 2375.956298828125 2375.950439453125 2375.947998046875 2375.911865234375 2375.903076171875
2378.647705078125 2378.646484375 2378.645751953125 2378.645751953125 2378.64453125 2378.630615234375 2378.602783203125 2378.5615234375 2378.547119140625 2378.509521484375 2378.4560546875 2378.37646484375 2378.25 2378.07666015625 2377.955322265625 2377.88818359375 2377.863525390625 2377.81884765625 2377.79150390625 2377.741455078125 2377.690185546875 2377.639404296875 2377.572998046875 2377.486083984375 2377.439697265625 2377.393798828125 2377.33935546875 2377.3193359375 2377.312744140625 2377.114501953125 2376.16015625 2376.0078125 2376.001708984375 2375.9609375 2375.935546875 2375.925048828125 2375.92431640625 2375.925537109375 2375.943603515625 2375.940185546875 2375.927001953125 2375.92138671875 2375.90234375 2375.885009765625 2375.8564453125
2378.59765625 2378.599853515625 2378.599853515625 2378.593017578125 2378.585205078125 2378.57763671875 2378.535400390625 2378.509765625 2378.47021484375 2378.442626953125 2378.37939453125 2378.255126953125 2378.12255859375 2377.967529296875 2377.902099609375 2377.855224609375 2377.80078125 2377.75048828125 2377.704345703125 2377.660400390625 2377.6123046875 2377.5537109375 2377.469970703125 2377.39599609375 2377.31982421875 2377.298828125 2377.2607421875 2377.239990234375 2376.90478515625 2376.13330078125 2375.92626953125 2375.936767578125 2375.946044921875 2375.9169921875 2375.901123046875 2375.887451171875 2375.88525390625 2375.892333984375 2375.89697265625 2375.8935546875 2375.8779296875 2375.871826171875 2375.85791015625 2375.836181640625 2375.826171875
2378.556396484375 2378.557373046875 2378.572021484375 2378.54248046875 2378.5234375 2378.503173828125 2378.468505859375 2378.437255859375 2378.40380859375 2378.360595703125 2378.26220703125 2378.12548828125 2377.98681640625 2377.90380859375 2377.854248046875 2377.800048828125 2377.744140625 2377.696044921875 2377.6484375 2377.5966796875 2377.551025390625 2377.471435546875 2377.38671875 2377.313720703125 2377.26708984375 2377.212646484375 2376.95068359375 2376.48974609375 2376.0517578125 2375.884033203125 2375.885986328125 2375.894775390625 2375.908447265625 2375.901123046875 2375.888671875 2375.884765625 2375.874755859375 2375.863525390625 2375.865234375 2375.85693359375 2375.830810546875 2375.823486328125 2375.81591796875 2375.79638671875 2375.791015625
