validation/data/processed/chant_sura_2020/terrain_rf16_contact.asc
ncols        94
nrows        154
xllcorner    2793260.428143590223
yllcorner    1180268.476802509977
cellsize     0.050000000000
NODATA_value -32767
[rows 80 to 99 of 154, columns 45 to 89 of 94]
2374.66796875 2374.646728515625 2374.615234375 2374.608154296875 2374.605712890625 2374.5927734375 2374.558349609375 2374.54345703125 2374.513671875 2374.511474609375 2374.5107421875 2374.509521484375 2374.5771484375 2374.6103515625 2374.63330078125 2374.658447265625 2374.684326171875 2374.7119140625 2374.74755859375 2374.790771484375 2374.825927734375 2374.859619140625 2374.8896484375 2374.915283203125 2374.936767578125 2374.934326171875 2374.913818359375 2374.894287109375 2374.875 2374.843505859375 2374.838623046875 2374.83740234375 2374.8310546875 2374.8173828125 2374.79345703125 2374.783447265625 2374.77685546875 2374.75927734375 2374.755615234375 2374.748046875 2374.739990234375 2374.733642578125 2374.72314453125 2374.718505859375 2374.708251953125
2374.588134765625 2374.566650390625 2374.55322265625 2374.549072265625 2374.543212890625 2374.52734375 2374.502197265625 2374.47265625 2374.462646484375 2374.45263671875 2374.452392578125 2374.446044921875 2374.455078125 2374.483642578125 2374.523193359375 2374.558837890625 2374.5966796875 2374.635986328125 2374.67578125 2374.733154296875 2374.79248046875 2374.819580078125 2374.85400390625 2374.882080078125 2374.910400390625 2374.905029296875 2374.890380859375 2374.86962890625 2374.84130859375 2374.82177734375 2374.809326171875 2374.806640625 2374.801025390625 2374.7802734375 2374.7568359375 2374.74755859375 2374.744873046875 2374.738037109375 2374.729736328125 2374.70751953125 2374.70458984375 2374.706298828125 2374.70556640625 2374.69873046875 2374.694091796875
2374.53076171875 2374.517333984375 2374.5107421875 2374.497314453125 2374.490478515625 2374.472900390625 2374.44677734375 2374.428955078125 2374.416015625 2374.410888671875 2374.39990234375 2374.383544921875 2374.3896484375 2374.40185546875 2374.425048828125 2374.475830078125 2374.5361328125 2374.590576171875 2374.630615234375 2374.696533203125 2374.73681640625 2374.796630859375 2374.817138671875 2374.844482421875 2374.86181640625 2374.860107421875 2374.840576171875 2374.82568359375 2374.812744140625 2374.791259765625 2374.78759765625 2374.775146484375 2374.765625 2374.748779296875 2374.725830078125 2374.720947265625 2374.72216796875 2374.71337890625 2374.687255859375 2374.677734375 2374.676513671875 2374.68115234375 2374.680908203125 2374.679931640625 2374.6708984375
2374.482421875 2374.46923828125 2374.468505859375 2374.449951171875 2374.428955078125 2374.425048828125 2374.4052734375 2374.382568359375 2374.37255859375 2374.36181640625 2374.351318359375 2374.338623046875 2374.340576171875 2374.357177734375 2374.369140625 2374.407470703125 2374.4609375 2374.530029296875 2374.5947265625 2374.633544921875 2374.70947265625 2374.737548828125 2374.77294921875 2374.781982421875 2374.809814453125 2374.811767578125 2374.807373046875 2374.801025390625 2374.775390625 2374.765625 2374.762939453125 2374.749755859375 2374.73095703125 2374.70654296875 2374.70166015625 2374.70361328125 2374.693359375 2374.6806640625 2374.649658203125 2374.653076171875 2374.665283203125 2374.665771484375 2374.672607421875 2374.652587890625 2374.62744140625
2374.434326171875 2374.421875 2374.419677734375 2374.4169921875 2374.40234375 2374.37255859375 2374.35595703125 2374.342529296875 2374.324462890625 2374.322998046875 2374.30078125 2374.30224609375 2374.306640625 2374.321533203125 2374.341552734375 2374.360107421875 2374.412841796875 2374.4619140625 2374.540283203125 2374.609375 2374.6455078125 2374.705322265625 2374.718994140625 2374.73046875 2374.760498046875 2374.76318359375 2374.761962890625 2374.744873046875 2374.730712890625 2374.72900390625 2374.71923828125 2374.704345703125 2374.681640625 2374.6689453125 2374.666015625 2374.667724609375 2374.650146484375 2374.6328125 2374.631591796875 2374.631103515625 2374.631103515625 2374.63037109375 2374.6298828125 2374.618896484375 2374.608154296875
2374.376708984375 2374.376220703125 2374.375732421875 2374.3603515625 2374.34912109375 2374.325927734375 2374.30615234375 2374.303466796875 2374.294189453125 2374.288818359375 2374.2880859375 2374.281005859375 2374.28515625 2374.296142578125 2374.312255859375 2374.33447265625 2374.361083984375 2374.408447265625 2374.47119140625 2374.53857421875 2374.601318359375 2374.639892578125 2374.676513671875 2374.689453125 2374.7109375 2374.712158203125 2374.712890625 2374.702880859375 2374.690673828125 2374.68505859375 2374.68115234375 2374.66455078125 2374.656005859375 2374.640869140625 2374.623779296875 2374.61572265625 2374.603271484375 2374.592529296875 2374.591552734375 2374.591796875 2374.59326171875 2374.5888671875 2374.583251953125 2374.57861328125 2374.5732421875
2374.3310546875 2374.330322265625 2374.329833984375 2374.314697265625 2374.294921875 2374.279296875 2374.2666015625 2374.264404296875 2374.25927734375 2374.259033203125 2374.258544921875 2374.2626953125 2374.266845703125 2374.266357421875 2374.27978515625 2374.299560546875 2374.32275390625 2374.348388671875 2374.402099609375 2374.481689453125 2374.53955078125 2374.573486328125 2374.6201171875 2374.650390625 2374.657958984375 2374.656494140625 2374.653564453125 2374.653564453125 2374.6513671875 2374.6552734375 2374.644775390625 2374.624267578125 2374.6181640625 2374.59912109375 2374.574951171875 2374.572265625 2374.571533203125 2374.56884765625 2374.568359375 2374.574462890625 2374.57470703125 2374.564453125 2374.556396484375 2374.54541015625 2374.537353515625
2374.29052734375 2374.2900390625 2374.281494140625 2374.269287109375 2374.244873046875 2374.24169921875 2374.234130859375 2374.231201171875 2374.22509765625 2374.228759765625 2374.228515625 2374.22998046875 2374.2314453125 2374.240234375 2374.247314453125 2374.26513671875 2374.28662109375 2374.30419921875 2374.34765625 2374.417724609375 2374.480712890625 2374.50390625 2374.54443359375 2374.584716796875 2374.602294921875 2374.61083984375 2374.60986328125 2374.614990234375 2374.618896484375 2374.610107421875 2374.595947265625 2374.578857421875 2374.565185546875 2374.55517578125 2374.53369140625 2374.53076171875 2374.52880859375 2374.525634765625 2374.5234375 2374.525390625 2374.5234375 2374.520751953125 2374.5205078125 2374.5166015625 2374.49462890625
2374.245361328125 2374.23193359375 2374.2099609375 2374.208984375 2374.203125 2374.204345703125 2374.19775390625 2374.195556640625 2374.198486328125 2374.20458984375 2374.204345703125 2374.212890625 2374.212890625 2374.217529296875 2374.22900390625 2374.240966796875 2374.2724609375 2374.28076171875 2374.304443359375 2374.36181640625 2374.42333984375 2374.452880859375 2374.496826171875 2374.52001953125 2374.5595703125 2374.56591796875 2374.582275390625 2374.57080078125 2374.5615234375 2374.560546875 2374.559814453125 2374.550048828125 2374.53857421875 2374.52783203125 2374.507568359375 2374.511962890625 2374.499267578125 2374.485595703125 2374.483154296875 2374.482666015625 2374.477294921875 2374.471435546875 2374.470458984375 2374.4677734375 2374.448974609375
2374.20458984375 2374.192626953125 2374.181884765625 2374.1796875 2374.172607421875 2374.172119140625 2374.171875 2374.170654296875 2374.1748046875 2374.1806640625 2374.181396484375 2374.189453125 2374.1982421875 2374.199462890625 2374.199462890625 2374.221923828125 2374.236083984375 2374.256591796875 2374.2734375 2374.30615234375 2374.367919921875 2374.41259765625 2374.45263671875 2374.48681640625 2374.508544921875 2374.52783203125 2374.53515625 2374.545166015625 2374.53173828125 2374.517578125 2374.513427734375 2374.5107421875 2374.489501953125 2374.47998046875 2374.468505859375 2374.466064453125 2374.459716796875 2374.446533203125 2374.4462890625 2374.4345703125 2374.4345703125 2374.434326171875 2374.429931640625 2374.420654296875 2374.41748046875
2374.16162109375 2374.1474609375 2374.144287109375 2374.144287109375 2374.1435546875 2374.142822265625 2374.146240234375 2374.14697265625 2374.152587890625 2374.157958984375 2374.1630859375 2374.16796875 2374.174560546875 2374.182373046875 2374.186767578125 2374.19189453125 2374.205078125 2374.230224609375 2374.24169921875 2374.274169921875 2374.338134765625 2374.37646484375 2374.411865234375 2374.443115234375 2374.4814453125 2374.504638671875 2374.5166015625 2374.513916015625 2374.5078125 2374.499755859375 2374.487060546875 2374.47412109375 2374.457275390625 2374.451171875 2374.435546875 2374.427734375 2374.41845703125 2374.40576171875 2374.408935546875 2374.40234375 2374.397705078125 2374.392822265625 2374.384765625 2374.383056640625 2374.37744140625
2374.136474609375 2374.122802734375 2374.113525390625 2374.113037109375 2374.11572265625 2374.118408203125 2374.120849609375 2374.121826171875 2374.1279296875 2374.1337890625 2374.13916015625 2374.149169921875 2374.15478515625 2374.157958984375 2374.165771484375 2374.1728515625 2374.1796875 2374.20361328125 2374.22607421875 2374.251708984375 2374.30126953125 2374.353759765625 2374.3935546875 2374.4248046875 2374.44677734375 2374.468505859375 2374.490966796875 2374.48876953125 2374.478515625 2374.475341796875 2374.462158203125 2374.4521484375 2374.443115234375 2374.427001953125 2374.3984375 2374.388916015625 2374.382568359375 2374.385498046875 2374.364501953125 2374.3642578125 2374.36328125 2374.35791015625 2374.3583984375 2374.3505859375 2374.339599609375
2374.1181640625 2374.094970703125 2374.08837890625 2374.08837890625 2374.088623046875 2374.0888671875 2374.09619140625 2374.106201171875 2374.117431640625 2374.123291015625 2374.1240234375 2374.132568359375 2374.13623046875 2374.142333984375 2374.142578125 2374.1513671875 2374.16943359375 2374.175537109375 2374.1943359375 2374.218994140625 2374.263671875 2374.312255859375 2374.37646484375 2374.406494140625 2374.43017578125 2374.444091796875 2374.459716796875 2374.463134765625 2374.45556640625 2374.442138671875 2374.43994140625 2374.433837890625 2374.4150390625 2374.390380859375 2374.36474609375 2374.351806640625 2374.345458984375 2374.345947265625 2374.341552734375 2374.338623046875 2374.33642578125 2374.322265625 2374.31298828125 2374.310546875 2374.305419921875
2374.10107421875 2374.086181640625 2374.065185546875 2374.05419921875 2374.053466796875 2374.05908203125 2374.06201171875 2374.072998046875 2374.0888671875 2374.106689453125 2374.11767578125 2374.12109375 2374.122802734375 2374.128662109375 2374.129150390625 2374.13720703125 2374.146240234375 2374.153564453125 2374.1669921875 2374.189697265625 2374.226806640625 2374.29296875 2374.351806640625 2374.388427734375 2374.3994140625 2374.417724609375 2374.42138671875 2374.42724609375 2374.43359375 2374.416015625 2374.41064453125 2374.39599609375 2374.3955078125 2374.37548828125 2374.350341796875 2374.336669921875 2374.323974609375 2374.31005859375 2374.30615234375 2374.3056640625 2374.3046875 2374.2919921875 2374.28564453125 2374.28564453125 2374.283447265625
2374.080810546875 2374.057373046875 2374.049072265625 2374.040283203125 2374.036376953125 2374.03955078125 2374.0400390625 2374.049072265625 2374.07080078125 2374.0849609375 2374.089111328125 2374.10498046875 2374.10498046875 2374.1044921875 2374.105712890625 2374.112060546875 2374.113037109375 2374.1240234375 2374.14794921875 2374.162841796875 2374.19677734375 2374.277587890625 2374.318115234375 2374.36083984375 2374.38232421875 2374.390869140625 2374.39794921875 2374.402099609375 2374.401611328125 2374.40087890625 2374.393798828125 2374.394287109375 2374.387939453125 2374.36279296875 2374.333984375 2374.315185546875 2374.29833984375 2374.277099609375 2374.265380859375 2374.265380859375 2374.266357421875 2374.267333984375 2374.26416015625 2374.255615234375 2374.255126953125
2374.0517578125 2374.037109375 2374.019775390625 2374.016357421875 2374.010498046875 2374.015380859375 2374.0166015625 2374.0234375 2374.043212890625 2374.0615234375 2374.065673828125 2374.06982421875 2374.072021484375 2374.07080078125 2374.0751953125 2374.081787109375 2374.088623046875 2374.1005859375 2374.12109375 2374.148193359375 2374.17822265625 2374.25537109375 2374.287841796875 2374.325927734375 2374.361572265625 2374.36474609375 2374.37255859375 2374.372314453125 2374.371337890625 2374.370361328125 2374.373779296875 2374.380126953125 2374.364013671875 2374.349609375 2374.320556640625 2374.298828125 2374.27001953125 2374.254638671875 2374.2421875 2374.241943359375 2374.2392578125 2374.235595703125 2374.23095703125 2374.223388671875 2374.216552734375
2374.02978515625 2374.01416015625 2374.00439453125 2373.996826171875 2373.99267578125 2373.99267578125 2373.9951171875 2374.0048828125 2374.013916015625 2374.0361328125 2374.043701171875 2374.042724609375 2374.0361328125 2374.03857421875 2374.051025390625 2374.066650390625 2374.0703125 2374.075927734375 2374.089599609375 2374.118408203125 2374.153076171875 2374.205810546875 2374.2626953125 2374.301025390625 2374.3271484375 2374.343017578125 2374.343017578125 2374.3427734375 2374.335693359375 2374.35595703125 2374.356689453125 2374.355224609375 2374.347412109375 2374.329833984375 2374.297607421875 2374.270263671875 2374.2431640625 2374.2216796875 2374.212890625 2374.20263671875 2374.2001953125 2374.20849609375 2374.2099609375 2374.18408203125 2374.1806640625
2374.007568359375 2373.99853515625 2373.974853515625 2373.973876953125 2373.96923828125 2373.969970703125 2373.981201171875 2373.992919921875 2374.001220703125 2374.007080078125 2374.019287109375 2374.02099609375 2374.009765625 2374.00927734375 2374.009033203125 2374.02685546875 2374.048095703125 2374.054931640625 2374.072998046875 2374.0849609375 2374.118408203125 2374.169677734375 2374.222412109375 2374.266845703125 2374.305908203125 2374.31982421875 2374.32470703125 2374.318115234375 2374.309326171875 2374.30712890625 2374.3115234375 2374.32568359375 2374.318115234375 2374.295654296875 2374.267578125 2374.234130859375 2374.21435546875 2374.200927734375 2374.188232421875 2374.187255859375 2374.18603515625 2374.1787109375 2374.1748046875 2374.170166015625 2374.1435546875
2373.9912109375 2373.96875 2373.96435546875 2373.9638671875 2373.962158203125 2373.960693359375 2373.96044921875 2373.96923828125 2373.9716796875 2373.98681640625 2373.997314453125 2373.997802734375 2373.994873046875 2373.995361328125 2373.995849609375 2373.99560546875 2374.00634765625 2374.029296875 2374.032958984375 2374.061279296875 2374.084716796875 2374.129638671875 2374.189208984375 2374.22802734375 2374.260009765625 2374.29833984375 2374.3115234375 2374.31201171875 2374.30419921875 2374.29345703125 2374.29443359375 2374.290771484375 2374.275146484375 2374.25830078125 2374.241455078125 2374.205078125 2374.183349609375 2374.174072265625 2374.16259765625 2374.162109375 2374.152099609375 2374.14111328125 2374.138427734375 2374.12744140625 2374.1259765625
2373.968505859375 2373.95703125 2373.955810546875 2373.950927734375 2373.949462890625 2373.9482421875 2373.94775390625 2373.952392578125 2373.9541015625 2373.962158203125 2373.97509765625 2373.976806640625 2373.970458984375 2373.974609375 2373.9794921875 2373.97900390625 2373.980224609375 2373.99560546875 2374.00830078125 2374.02783203125 2374.059814453125 2374.104736328125 2374.1474609375 2374.189453125 2374.225830078125 2374.24755859375 2374.2802734375 2374.285888671875 2374.283447265625 2374.28076171875 2374.28369140625 2374.26611328125 2374.24755859375 2374.218017578125 2374.2001953125 2374.173095703125 2374.153564453125 2374.140380859375 2374.1337890625 2374.127685546875 2374.1201171875 2374.116455078125 2374.110107421875 2374.094970703125 2374.0888671875
