validation/data/processed/tschamut/terrain.asc
ncols 37
nrows 40
xllcorner -20.000000
yllcorner 100.000000
cellsize 5.000000
NODATA_value -9999
109.990389 108.724751 107.459113 106.193475 104.927837 103.662200 102.396562 101.130924 99.865286 98.599648 97.334011 96.068373 94.802735 93.537097 92.271459 91.005821 89.740184 88.474546 87.208908 85.943270 84.677632 83.411995 82.146357 80.880719 79.615081 78.349443 77.083805 75.818168 74.552530 73.286892 72.021254 70.755616 69.489979 68.224341 66.958703 65.693065 64.427427
107.957549 106.691911 105.426273 104.160636 102.894998 101.629360 100.363722 99.098084 97.832447 96.566809 95.301171 94.035533 92.769895 91.504257 90.238620 88.972982 87.707344 86.441706 85.176068 83.910431 82.644793 81.379155 80.113517 78.847879 77.582241 76.316604 75.050966 73.785328 72.519690 71.254052 69.988415 68.722777 67.457139 66.191501 64.925863 63.660225 62.394588
105.924709 104.659072 103.393434 102.127796 100.862158 99.596520 98.330883 97.065245 95.799607 94.533969 93.268331 92.002693 90.737056 89.471418 88.205780 86.940142 85.674504 84.408867 83.143229 81.877591 80.611953 79.346315 78.080677 76.815040 75.549402 74.283764 73.018126 71.752488 70.486851 69.221213 67.955575 66.689937 65.424299 64.158661 62.893024 61.627386 60.361748
103.891870 102.626232 101.360594 100.094956 98.829319 97.563681 96.298043 95.032405 93.766767 92.501129 91.235492 89.969854 88.704216 87.438578 86.172940 84.907303 83.641665 82.376027 81.110389 79.844751 78.579113 77.313476 76.047838 74.782200 73.516562 72.250924 70.985287 69.719649 68.454011 67.188373 65.922735 64.657097 63.391460 62.125822 60.860184 59.594546 58.328908
101.859030 100.593392 99.327755 98.062117 96.796479 95.530841 94.265203 92.999565 91.733928 90.468290 89.202652 87.937014 86.671376 85.405739 84.140101 82.874463 81.608825 80.343187 79.077549 77.811912 76.546274 75.280636 74.014998 72.749360 71.483723 70.218085 68.952447 67.686809 66.421171 65.155533 63.889896 62.624258 61.358620 60.092982 58.827344 57.561707 56.296069
99.826191 98.560553 97.294915 96.029277 94.763639 93.498001 92.232364 90.966726 89.701088 88.435450 87.169812 85.904175 84.638537 83.372899 82.107261 80.841623 79.575985 78.310348 77.044710 75.779072 74.513434 73.247796 71.982159 70.716521 69.450883 68.185245 66.919607 65.653969 64.388332 63.122694 61.857056 60.591418 59.325780 58.060143 56.794505 55.528867 54.263229
97.793351 96.527713 95.262075 93.996437 92.730800 91.465162 90.199524 88.933886 87.668248 86.402611 85.136973 83.871335 82.605697 81.340059 80.074421 78.808784 77.543146 76.277508 75.011870 73.746232 72.480595 71.214957 69.949319 68.683681 67.418043 66.152405 64.886768 63.621130 62.355492 61.089854 59.824216 58.558579 57.292941 56.027303 54.761665 53.496027 52.230389
95.760511 94.494873 93.229236 91.963598 90.697960 89.432322 88.166684 86.901047 85.635409 84.369771 83.104133 81.838495 80.572857 79.307220 78.041582 76.775944 75.510306 74.244668 72.979031 71.713393 70.447755 69.182117 67.916479 66.650841 65.385204 64.119566 62.853928 61.588290 60.322652 59.057015 57.791377 56.525739 55.260101 53.994463 52.728825 51.463188 50.197550
93.727672 92.462034 91.196396 89.930758 88.665120 87.399483 86.133845 84.868207 83.602569 82.336931 81.071293 79.805656 78.540018 77.274380 76.008742 74.743104 73.477467 72.211829 70.946191 69.680553 68.414915 67.149277 65.883640 64.618002 63.352364 62.086726 60.821088 59.555451 58.289813 57.024175 55.758537 54.492899 53.227261 51.961624 50.695986 49.430348 48.164710
91.694832 90.429194 89.163556 87.897919 86.632281 85.366643 84.101005 82.835367 81.569729 80.304092 79.038454 77.772816 76.507178 75.241540 73.975903 72.710265 71.444627 70.178989 68.913351 67.647713 66.382076 65.116438 63.850800 62.585162 61.319524 60.053887 58.788249 57.522611 56.256973 54.991335 53.725697 52.460060 51.194422 49.928784 48.663146 47.397508 46.131870
89.661992 88.396355 87.130717 85.865079 84.599441 83.333803 82.068165 80.802528 79.536890 78.271252 77.005614 75.739976 74.474339 73.208701 71.943063 70.677425 69.411787 68.146149 66.880512 65.614874 64.349236 63.083598 61.817960 60.552323 59.286685 58.021047 56.755409 55.489771 54.224133 52.958496 51.692858 50.427220 49.161582 47.895944 46.630306 45.364669 44.099031
87.629153 86.363515 85.097877 83.832239 82.566601 81.300964 80.035326 78.769688 77.504050 76.238412 74.972775 73.707137 72.441499 71.175861 69.910223 68.644585 67.378948 66.113310 64.847672 63.582034 62.316396 61.050758 59.785121 58.519483 57.253845 55.988207 54.722569 53.456932 52.191294 50.925656 49.660018 48.394380 47.128742 45.863105 44.597467 43.331829 42.066191
85.596313 84.330675 83.065037 81.799400 80.533762 79.268124 78.002486 76.736848 75.471211 74.205573 72.939935 71.674297 70.408659 69.143021 67.877384 66.611746 65.346108 64.080470 62.814832 61.549194 60.283557 59.017919 57.752281 56.486643 55.221005 53.955368 52.689730 51.424092 50.158454 48.892816 47.627178 46.361541 45.095903 43.830265 42.564627 41.298989 40.033352
83.563473 82.297836 81.032198 79.766560 78.500922 77.235284 75.969646 74.704009 73.438371 72.172733 70.907095 69.641457 68.375820 67.110182 65.844544 64.578906 63.313268 62.047630 60.781993 59.516355 58.250717 56.985079 55.719441 54.453804 53.188166 51.922528 50.656890 49.391252 48.125614 46.859977 45.594339 44.328701 43.063063 41.797425 40.531788 39.266150 38.000512
81.530634 80.264996 78.999358 77.733720 76.468082 75.202445 73.936807 72.671169 71.405531 70.139893 68.874256 67.608618 66.342980 65.077342 63.811704 62.546066 61.280429 60.014791 58.749153 57.483515 56.217877 54.952240 53.686602 52.420964 51.155326 49.889688 48.624050 47.358413 46.092775 44.827137 43.561499 42.295861 41.030224 39.764586 38.498948 37.233310 35.967672
79.497794 78.232156 76.966518 75.700881 74.435243 73.169605 71.903967 70.638329 69.372692 68.107054 66.841416 65.575778 64.310140 63.044502 61.778865 60.513227 59.247589 57.981951 56.716313 55.450676 54.185038 52.919400 51.653762 50.388124 49.122486 47.856849 46.591211 45.325573 44.059935 42.794297 41.528660 40.263022 38.997384 37.731746 36.466108 35.200470 33.934833
77.464954 76.199317 74.933679 73.668041 72.402403 71.136765 69.871128 68.605490 67.339852 66.074214 64.808576 63.542938 62.277301 61.011663 59.746025 58.480387 57.214749 55.949112 54.683474 53.417836 52.152198 50.886560 49.620922 48.355285 47.089647 45.824009 44.558371 43.292733 42.027096 40.761458 39.495820 38.230182 36.964544 35.698906 34.433269 33.167631 31.901993
75.432115 74.166477 72.900839 71.635201 70.369564 69.103926 67.838288 66.572650 65.307012 64.041374 62.775737 61.510099 60.244461 58.978823 57.713185 56.447548 55.181910 53.916272 52.650634 51.384996 50.119358 48.853721 47.588083 46.322445 45.056807 43.791169 42.525532 41.259894 39.994256 38.728618 37.462980 36.197342 34.931705 33.666067 32.400429 31.134791 29.869153
73.399275 72.133637 70.868000 69.602362 68.336724 67.071086 65.805448 64.539810 63.274173 62.008535 60.742897 59.477259 58.211621 56.945984 55.680346 54.414708 53.149070 51.883432 50.617794 49.352157 48.086519 46.820881 45.555243 44.289605 43.023968 41.758330 40.492692 39.227054 37.961416 36.695778 35.430141 34.164503 32.898865 31.633227 30.367589 29.101952 27.836314
71.366436 70.100798 68.835160 67.569522 66.303884 65.038246 63.772609 62.506971 61.241333 59.975695 58.710057 57.444420 56.178782 54.913144 53.647506 52.381868 51.116230 49.850593 48.584955 47.319317 46.053679 44.788041 43.522404 42.256766 40.991128 39.725490 38.459852 37.194214 35.928577 34.662939 33.397301 32.131663 30.866025 29.600388 28.334750 27.069112 25.803474
69.333596 68.067958 66.802320 65.536682 64.271045 63.005407 61.739769 60.474131 59.208493 57.942856 56.677218 55.411580 54.145942 52.880304 51.614666 50.349029 49.083391 47.817753 46.552115 45.286477 44.020840 42.755202 41.489564 40.223926 38.958288 37.692650 36.427013 35.161375 33.895737 32.630099 31.364461 30.098824 28.833186 27.567548 26.301910 25.036272 23.770634
67.300756 66.035118 64.769481 63.503843 62.238205 60.972567 59.706929 58.441292 57.175654 55.910016 54.644378 53.378740 52.113102 50.847465 49.581827 48.316189 47.050551 45.784913 44.519276 43.253638 41.988000 40.722362 39.456724 38.191086 36.925449 35.659811 34.394173 33.128535 31.862897 30.597260 29.331622 28.065984 26.800346 25.534708 24.269070 23.003433 21.737795
65.267917 64.002279 62.736641 61.471003 60.205365 58.939728 57.674090 56.408452 55.142814 53.877176 52.611538 51.345901 50.080263 48.814625 47.548987 46.283349 45.017712 43.752074 42.486436 41.220798 39.955160 38.689522 37.423885 36.158247 34.892609 33.626971 32.361333 31.095696 29.830058 28.564420 27.298782 26.033144 24.767506 23.501869 22.236231 20.970593 19.704955
63.235077 61.969439 60.703801 59.438164 58.172526 56.906888 55.641250 54.375612 53.109974 51.844337 50.578699 49.313061 48.047423 46.781785 45.516148 44.250510 42.984872 41.719234 40.453596 39.187958 37.922321 36.656683 35.391045 34.125407 32.859769 31.594132 30.328494 29.062856 27.797218 26.531580 25.265942 24.000305 22.734667 21.469029 20.203391 18.937753 17.672116
61.202237 59.936600 58.670962 57.405324 56.139686 54.874048 53.608410 52.342773 51.077135 49.811497 48.545859 47.280221 46.014584 44.748946 43.483308 42.217670 40.952032 39.686394 38.420757 37.155119 35.889481 34.623843 33.358205 32.092568 30.826930 29.561292 28.295654 27.030016 25.764378 24.498741 23.233103 21.967465 20.701827 19.436189 18.170551 16.904914 15.639276
59.169398 57.903760 56.638122 55.372484 54.106846 52.841209 51.575571 50.309933 49.044295 47.778657 46.513020 45.247382 43.981744 42.716106 41.450468 40.184830 38.919193 37.653555 36.387917 35.122279 33.856641 32.591004 31.325366 30.059728 28.794090 27.528452 26.262814 24.997177 23.731539 22.465901 21.200263 19.934625 18.668987 17.403350 16.137712 14.872074 13.606436
57.136558 55.870920 54.605282 53.339645 52.074007 50.808369 49.542731 48.277093 47.011456 45.745818 44.480180 43.214542 41.948904 40.683266 39.417629 38.151991 36.886353 35.620715 34.355077 33.089439 31.823802 30.558164 29.292526 28.026888 26.761250 25.495613 24.229975 22.964337 21.698699 20.433061 19.167423 17.901786 16.636148 15.370510 14.104872 12.839234 11.573597
55.103718 53.838081 52.572443 51.306805 50.041167 48.775529 47.509892 46.244254 44.978616 43.712978 42.447340 41.181702 39.916065 38.650427 37.384789 36.119151 34.853513 33.587875 32.322238 31.056600 29.790962 28.525324 27.259686 25.994049 24.728411 23.462773 22.197135 20.931497 19.665859 18.400222 17.134584 15.868946 14.603308 13.337670 12.072033 10.806395 9.540757
53.070879 51.805241 50.539603 49.273965 48.008327 46.742690 45.477052 44.211414 42.945776 41.680138 40.414501 39.148863 37.883225 36.617587 35.351949 34.086311 32.820674 31.555036 30.289398 29.023760 27.758122 26.492485 25.226847 23.961209 22.695571 21.429933 20.164295 18.898658 17.633020 16.367382 15.101744 13.836106 12.570469 11.304831 10.039193 8.773555 7.507917
51.038039 49.772401 48.506763 47.241126 45.975488 44.709850 43.444212 42.178574 40.912937 39.647299 38.381661 37.116023 35.850385 34.584747 33.319110 32.053472 30.787834 29.522196 28.256558 26.990921 25.725283 24.459645 23.194007 21.928369 20.662731 19.397094 18.131456 16.865818 15.600180 14.334542 13.068905 11.803267 10.537629 9.271991 8.006353 6.740715 5.475078
49.005199 47.739562 46.473924 45.208286 43.942648 42.677010 41.411373 40.145735 38.880097 37.614459 36.348821 35.083183 33.817546 32.551908 31.286270 30.020632 28.754994 27.489357 26.223719 24.958081 23.692443 22.426805 21.161167 19.895530 18.629892 17.364254 16.098616 14.832978 13.567341 12.301703 11.036065 9.770427 8.504789 7.239151 5.973514 4.707876 3.442238
46.972360 45.706722 44.441084 43.175446 41.909809 40.644171 39.378533 38.112895 36.847257 35.581619 34.315982 33.050344 31.784706 30.519068 29.253430 27.987793 26.722155 25.456517 24.190879 22.925241 21.659603 20.393966 19.128328 17.862690 16.597052 15.331414 14.065777 12.800139 11.534501 10.268863 9.003225 7.737587 6.471950 5.206312 3.940674 2.675036 1.409398
44.939520 43.673882 42.408245 41.142607 39.876969 38.611331 37.345693 36.080055 34.814418 33.548780 32.283142 31.017504 29.751866 28.486229 27.220591 25.954953 24.689315 23.423677 22.158039 20.892402 19.626764 18.361126 17.095488 15.829850 14.564213 13.298575 12.032937 10.767299 9.501661 8.236023 6.970386 5.704748 4.439110 3.173472 1.907834 0.642197 -0.623441
42.906681 41.641043 40.375405 39.109767 37.844129 36.578491 35.312854 34.047216 32.781578 31.515940 30.250302 28.984665 27.719027 26.453389 25.187751 23.922113 22.656475 21.390838 20.125200 18.859562 17.593924 16.328286 15.062649 13.797011 12.531373 11.265735 10.000097 8.734459 7.468822 6.203184 4.937546 3.671908 2.406270 1.140633 -0.125005 -1.390643 -2.656281
40.873841 39.608203 38.342565 37.076927 35.811290 34.545652 33.280014 32.014376 30.748738 29.483101 28.217463 26.951825 25.686187 24.420549 23.154911 21.889274 20.623636 19.357998 18.092360 16.826722 15.561085 14.295447 13.029809 11.764171 10.498533 9.232895 7.967258 6.701620 5.435982 4.170344 2.904706 1.639069 0.373431 -0.892207 -2.157845 -3.423483 -4.689121
38.841001 37.575363 36.309726 35.044088 33.778450 32.512812 31.247174 29.981537 28.715899 27.450261 26.184623 24.918985 23.653347 22.387710 21.122072 19.856434 18.590796 17.325158 16.059521 14.793883 13.528245 12.262607 10.996969 9.731331 8.465694 7.200056 5.934418 4.668780 3.403142 2.137505 0.871867 -0.393771 -1.659409 -2.925047 -4.190685 -5.456322 -6.721960
36.808162 35.542524 34.276886 33.011248 31.745610 30.479973 29.214335 27.948697 26.683059 25.417421 24.151783 22.886146 21.620508 20.354870 19.089232 17.823594 16.557957 15.292319 14.026681 12.761043 11.495405 10.229767 8.964130 7.698492 6.432854 5.167216 3.901578 2.635941 1.370303 0.104665 -1.160973 -2.426611 -3.692249 -4.957886 -6.223524 -7.489162 -8.754800
34.775322 33.509684 32.244046 30.978409 29.712771 28.447133 27.181495 25.915857 24.650219 23.384582 22.118944 20.853306 19.587668 18.322030 17.056393 15.790755 14.525117 13.259479 11.993841 10.728203 9.462566 8.196928 6.931290 5.665652 4.400014 3.134377 1.868739 0.603101 -0.662537 -1.928175 -3.193813 -4.459450 -5.725088 -6.990726 -8.256364 -9.522002 -10.787639
32.742482 31.476845 30.211207 28.945569 27.679931 26.414293 25.148655 23.883018 22.617380 21.351742 20.086104 18.820466 17.554829 16.289191 15.023553 13.757915 12.492277 11.226639 9.961002 8.695364 7.429726 6.164088 4.898450 3.632813 2.367175 1.101537 -0.164101 -1.429739 -2.695377 -3.961014 -5.226652 -6.492290 -7.757928 -9.023566 -10.289203 -11.554841 -12.820479
30.709643 29.444005 28.178367 26.912729 25.647091 24.381454 23.115816 21.850178 20.584540 19.318902 18.053265 16.787627 15.521989 14.256351 12.990713 11.725075 10.459438 9.193800 7.928162 6.662524 5.396886 4.131249 2.865611 1.599973 0.334335 -0.931303 -2.196941 -3.462578 -4.728216 -5.993854 -7.259492 -8.525130 -9.790767 -11.056405 -12.322043 -13.587681 -14.853319
